0.115 1
0.12 2
0.13 3
0.14 4
0.15 5
0.165 6
0.185 7
0.19 8
0.195 9
0.195 10
0.19 11
0.19 12
0.19 13
0.215 14
0.22 15
0.205 16
0.195 17
0.195 18
0.17 19
0.11 20
0.075 21
0.085 22
0.08 23
0.06 24
0.04 25
0.03 26
0.015 27
0.005 28
-0.005 29
-0.02 30
-0.025 31
-0.025 32
-0.035 33
-0.055 34
-0.055 35
-0.045 36
-0.055 37
-0.07 38
-0.07 39
-0.07 40
-0.075 41
-0.08 42
-0.07 43
-0.055 44
-0.055 45
-0.05 46
-0.05 47
-0.05 48
-0.05 49
-0.05 50
-0.05 51
-0.05 52
-0.05 53
-0.045 54
-0.045 55
-0.04 56
-0.035 57
-0.035 58
-0.04 59
-0.045 60
-0.055 61
-0.06 62
-0.06 63
-0.065 64
-0.065 65
-0.065 66
-0.07 67
-0.07 68
-0.07 69
-0.065 70
-0.065 71
-0.065 72
-0.065 73
-0.075 74
-0.08 75
-0.095 76
-0.11 77
-0.105 78
-0.1 79
-0.11 80
-0.13 81
-0.11 82
-0.09 83
-0.1 84
-0.11 85
-0.12 86
-0.135 87
-0.135 88
-0.135 89
-0.125 90
-0.12 91
-0.13 92
-0.135 93
-0.135 94
-0.13 95
-0.12 96
-0.115 97
-0.115 98
-0.11 99
-0.105 100
-0.105 101
-0.11 102
-0.115 103
-0.125 104
-0.14 105
-0.15 106
-0.155 107
-0.145 108
-0.15 109
-0.16 110
-0.165 111
-0.16 112
-0.155 113
-0.15 114
-0.155 115
-0.165 116
-0.175 117
-0.18 118
-0.185 119
-0.185 120
-0.18 121
-0.175 122
-0.175 123
-0.18 124
-0.185 125
-0.185 126
-0.19 127
-0.2 128
-0.19 129
-0.185 130
-0.19 131
-0.19 132
-0.18 133
-0.17 134
-0.17 135
-0.17 136
-0.17 137
-0.16 138
-0.12 139
-0.065 140
0.035 141
0.12 142
0.175 143
0.16 144
0.025 145
-0.1 146
-0.22 147
-0.285 148
-0.29 149
-0.24 150
-0.135 151
-0.095 152
-0.095 153
-0.12 154
-0.165 155
-0.18 156
-0.18 157
-0.17 158
-0.155 159
-0.13 160
-0.105 161
-0.105 162
-0.11 163
-0.105 164
-0.1 165
-0.1 166
-0.1 167
-0.095 168
-0.095 169
-0.095 170
-0.09 171
-0.08 172
-0.07 173
-0.065 174
-0.055 175
-0.05 176
-0.045 177
-0.04 178
-0.035 179
-0.04 180
-0.045 181
-0.035 182
-0.02 183
0 184
0.01 185
0.025 186
0.035 187
0.045 188
0.05 189
0.05 190
0.065 191
0.085 192
0.11 193
0.13 194
0.15 195
0.165 196
0.195 197
0.23 198
0.26 199
0.29 200
0.31 201
0.33 202
0.36 203
0.395 204
0.43 205
0.46 206
0.48 207
0.5 208
0.505 209
0.505 210
0.51 211
0.52 212
0.49 213
0.46 214
0.44 215
0.415 216
0.375 217
0.335 218
0.3 219
0.26 220
0.225 221
0.19 222
0.16 223
0.14 224
0.14 225
0.13 226
0.1 227
0.085 228
0.095 229
0.09 230
0.07 231
0.065 232
0.07 233
0.065 234
0.05 235
0.05 236
0.065 237
0.07 238
0.07 239
0.065 240
0.06 241
0.06 242
0.06 243
0.065 244
0.07 245
0.07 246
0.07 247
0.065 248
0.065 249
0.07 250
0.08 251
0.07 252
0.055 253
0.045 254
0.045 255
0.045 256
0.04 257
0.035 258
0.035 259
0.04 260
0.045 261
0.05 262
0.055 263
0.04 264
0.035 265
0.04 266
0.035 267
0.02 268
0.015 269
0.015 270
0.01 271
0.005 272
0.005 273
0.01 274
0.01 275
0.005 276
0 277
-0.01 278
-0.01 279
0 280
-0.005 281
-0.015 282
-0.025 283
-0.04 284
-0.015 285
0.015 286
0.025 287
0.025 288
0.03 289
0.03 290
0.035 291
0.035 292
0.015 293
0 294
-0.02 295
-0.03 296
-0.03 297
-0.025 298
-0.015 299
-0.01 300
-0.01 301
-0.01 302
-0.015 303
-0.025 304
-0.035 305
-0.045 306
-0.045 307
-0.045 308
-0.055 309
-0.055 310
-0.045 311
-0.045 312
-0.055 313
-0.055 314
-0.055 315
-0.055 316
-0.06 317
-0.06 318
-0.05 319
-0.06 320
-0.075 321
-0.075 322
-0.055 323
-0.06 324
-0.07 325
-0.065 326
-0.05 327
-0.05 328
-0.05 329
0.015 330
0.1 331
0.215 332
0.33 333
0.3 334
0.265 335
0.105 336
-0.05 337
-0.145 338
-0.235 339
-0.165 340
-0.1 341
-0.04 342
0.005 343
-0.01 344
-0.035 345
-0.07 346
-0.09 347
-0.07 348
-0.055 349
-0.055 350
-0.045 351
-0.025 352
-0.015 353
-0.015 354
-0.02 355
-0.02 356
-0.02 357
-0.02 358
-0.015 359
-0.015 360
-0.015 361
-0.015 362
-0.015 363
-0.01 364
-0.005 365
-0.005 366
-0.005 367
-0.005 368
-0.005 369
0 370
0.005 371
0.015 372
0.015 373
0.01 374
0.015 375
0.025 376
0.03 377
0.035 378
0.045 379
0.06 380
0.06 381
0.06 382
0.09 383
0.115 384
0.1 385
0.09 386
0.12 387
0.14 388
0.155 389
0.17 390
0.185 391
0.205 392
0.225 393
0.245 394
0.26 395
0.275 396
0.28 397
0.295 398
0.32 399
0.33 400
0.325 401
0.32 402
0.32 403
0.31 404
0.295 405
0.28 406
0.265 407
0.23 408
0.19 409
0.16 410
0.135 411
0.115 412
0.1 413
0.075 414
0.045 415
0.03 416
0.015 417
0.015 418
0.02 419
0.015 420
0.01 421
0.005 422
0 423
0 424
-0.005 425
-0.015 426
-0.025 427
-0.025 428
-0.02 429
-0.015 430
-0.01 431
-0.01 432
-0.005 433
0.005 434
0.005 435
-0.005 436
-0.01 437
-0.01 438
-0.01 439
-0.02 440
-0.015 441
0 442
0 443
-0.005 444
-0.01 445
-0.005 446
-0.005 447
-0.015 448
-0.005 449
0.01 450
0 451
-0.02 452
-0.01 453
0.015 454
0.005 455
-0.01 456
0 457
0.005 458
0 459
-0.01 460
-0.01 461
-0.01 462
-0.015 463
-0.02 464
-0.015 465
-0.01 466
-0.015 467
-0.02 468
-0.02 469
-0.015 470
-0.005 471
0 472
-0.005 473
-0.01 474
-0.015 475
-0.02 476
-0.02 477
-0.015 478
0 479
0.005 480
0.015 481
0.02 482
0.025 483
0.02 484
0.005 485
0 486
-0.01 487
-0.015 488
-0.02 489
-0.025 490
-0.03 491
-0.04 492
-0.045 493
-0.04 494
-0.025 495
-0.035 496
-0.045 497
-0.05 498
-0.055 499
-0.075 500
-0.095 501
-0.085 502
-0.075 503
-0.085 504
-0.095 505
-0.08 506
-0.07 507
-0.08 508
-0.09 509
-0.09 510
-0.095 511
-0.1 512
-0.1 513
-0.085 514
-0.075 515
-0.08 516
-0.085 517
-0.085 518
-0.085 519
-0.095 520
-0.09 521
-0.065 522
-0.025 523
0.03 524
0.125 525
0.255 526
0.285 527
0.24 528
0.11 529
-0.065 530
-0.185 531
-0.265 532
-0.235 533
-0.155 534
-0.09 535
-0.03 536
-0.03 537
-0.045 538
-0.075 539
-0.11 540
-0.1 541
-0.09 542
-0.08 543
-0.07 544
-0.06 545
-0.055 546
-0.055 547
-0.055 548
-0.05 549
-0.04 550
-0.035 551
-0.035 552
-0.035 553
-0.035 554
-0.035 555
-0.035 556
-0.035 557
-0.03 558
-0.02 559
-0.015 560
-0.01 561
-0.005 562
0 563
0 564
0 565
0.005 566
0.015 567
0.015 568
0.01 569
0.02 570
0.045 571
0.055 572
0.055 573
0.06 574
0.065 575
0.08 576
0.095 577
0.115 578
0.135 579
0.15 580
0.165 581
0.18 582
0.19 583
0.22 584
0.25 585
0.275 586
0.3 587
0.305 588
0.315 589
0.325 590
0.34 591
0.345 592
0.355 593
0.37 594
0.38 595
0.37 596
0.355 597
0.335 598
0.315 599
0.285 600
0.25 601
0.215 602
0.18 603
0.155 604
0.125 605
0.105 606
0.085 607
0.065 608
0.05 609
0.04 610
0.03 611
0.02 612
0.01 613
0 614
0 615
0.005 616
0 617
-0.005 618
-0.005 619
-0.005 620
-0.01 621
-0.02 622
-0.015 623
-0.01 624
-0.025 625
-0.045 626
-0.02 627
0.005 628
-0.01 629
-0.02 630
-0.015 631
-0.015 632
-0.02 633
-0.025 634
-0.015 635
-0.01 636
-0.015 637
-0.02 638
-0.005 639
0 640
-0.005 641
-0.005 642
-0.005 643
-0.005 644
-0.01 645
-0.015 646
-0.02 647
-0.015 648
-0.005 649
0 650
0 651
0 652
-0.005 653
-0.01 654
-0.01 655
-0.015 656
-0.015 657
-0.025 658
-0.04 659
-0.03 660
-0.01 661
-0.02 662
-0.03 663
-0.03 664
-0.025 665
-0.035 666
-0.045 667
-0.04 668
-0.035 669
-0.045 670
-0.05 671
-0.025 672
-0.005 673
-0.01 674
-0.01 675
0 676
0 677
-0.01 678
-0.02 679
-0.015 680
-0.015 681
-0.035 682
-0.045 683
-0.03 684
-0.025 685
-0.04 686
-0.04 687
-0.03 688
-0.025 689
-0.025 690
-0.03 691
-0.045 692
-0.055 693
-0.065 694
-0.065 695
-0.055 696
-0.055 697
-0.065 698
-0.075 699
-0.085 700
-0.075 701
-0.055 702
-0.055 703
-0.06 704
-0.065 705
-0.065 706
-0.065 707
-0.065 708
-0.06 709
-0.055 710
-0.055 711
-0.055 712
-0.065 713
-0.07 714
-0.05 715
-0.015 716
0.075 717
0.165 718
0.255 719
0.305 720
0.22 721
0.12 722
-0.015 723
-0.13 724
-0.185 725
-0.195 726
-0.115 727
-0.04 728
0.025 729
0.05 730
0.02 731
0 732
-0.035 733
-0.04 734
-0.03 735
-0.02 736
-0.015 737
-0.01 738
0 739
0.005 740
0.015 741
0.015 742
0.01 743
0.005 744
0 745
0 746
0.005 747
0.01 748
0.01 749
0.01 750
0.01 751
0.015 752
0.03 753
0.02 754
0.015 755
0.015 756
0.015 757
0.02 758
0.025 759
0.025 760
0.025 761
0.025 762
0.03 763
0.055 764
0.07 765
0.065 766
0.06 767
0.075 768
0.085 769
0.085 770
0.095 771
0.125 772
0.14 773
0.14 774
0.155 775
0.175 776
0.195 777
0.21 778
0.225 779
0.235 780
0.245 781
0.255 782
0.26 783
0.265 784
0.265 785
0.265 786
0.28 787
0.305 788
0.3 789
0.295 790
0.275 791
0.255 792
0.235 793
0.22 794
0.19 795
0.165 796
0.14 797
0.11 798
0.1 799
0.09 800
0.065 801
0.045 802
0.04 803
0.03 804
0.025 805
0.025 806
0.025 807
0.015 808
0 809
-0.005 810
0.005 811
0.01 812
0.01 813
0.005 814
0.005 815
0.005 816
0.005 817
0.01 818
0.02 819
0.015 820
0 821
0 822
0.015 823
0.025 824
0.03 825
0.03 826
0.025 827
0.025 828
0.025 829
0.02 830
0.015 831
0.02 832
0.025 833
0.025 834
0.02 835
0.035 836
0.05 837
0.035 838
0.025 839
0.025 840
0.025 841
0.02 842
0.02 843
0.025 844
0.025 845
0.02 846
0.015 847
0.03 848
0.04 849
0.025 850
0.015 851
0.015 852
0.015 853
0.02 854
0.02 855
0.02 856
0.015 857
0.01 858
0.01 859
0.01 860
0.01 861
0.015 862
0.02 863
0.02 864
0.025 865
0.025 866
0.02 867
0.02 868
0.01 869
0.005 870
0 871
0 872
0 873
0 874
-0.01 875
-0.015 876
-0.01 877
-0.005 878
-0.005 879
-0.005 880
-0.005 881
-0.005 882
-0.015 883
-0.02 884
-0.015 885
-0.015 886
-0.015 887
-0.02 888
-0.025 889
-0.03 890
-0.03 891
-0.03 892
-0.03 893
-0.03 894
-0.04 895
-0.04 896
-0.03 897
-0.025 898
-0.02 899
-0.02 900
-0.025 901
-0.025 902
-0.025 903
-0.02 904
-0.01 905
0.035 906
0.105 907
0.195 908
0.29 909
0.295 910
0.27 911
0.155 912
0.02 913
-0.075 914
-0.165 915
-0.135 916
-0.09 917
-0.015 918
0.06 919
0.035 920
0.005 921
-0.015 922
-0.04 923
-0.035 924
-0.025 925
-0.02 926
-0.01 927
-0.01 928
-0.01 929
-0.015 930
-0.02 931
-0.01 932
-0.01 933
-0.03 934
-0.035 935
-0.01 936
0 937
-0.01 938
-0.01 939
-0.01 940
-0.01 941
-0.02 942
-0.02 943
-0.01 944
-0.015 945
-0.025 946
-0.015 947
0 948
0.005 949
0.005 950
0.005 951
0.005 952
0.025 953
0.05 954
0.045 955
0.035 956
0.04 957
0.05 958
0.06 959
0.07 960
0.095 961
0.12 962
0.12 963
0.12 964
0.14 965
0.16 966
0.175 967
0.195 968
0.205 969
0.215 970
0.22 971
0.235 972
0.255 973
0.275 974
0.285 975
0.295 976
0.295 977
0.29 978
0.28 979
0.265 980
0.245 981
0.225 982
0.2 983
0.18 984
0.16 985
0.14 986
0.12 987
0.105 988
0.09 989
0.07 990
0.055 991
0.04 992
0.025 993
0.015 994
0.01 995
0 996
-0.01 997
0 998
0.01 999
0 1000
-0.005 1001
