1.3863 1
1.7349 2
2.1865 3
2.7472 4
3.7519 5
5.0231 6
6.4785 7
8.0026 8
9.4921 9
10.8254 10
11.8677 11
12.4868 12
12.5873 13
12.1429 14
11.1905 15
9.8042 16
8.0635 17
6.0635 18
3.9312 19
1.7989 20
-0.2328 21
-2.1058 22
-3.7831 23
-5.2328 24
-6.4392 25
-7.3968 26
-8.1217 27
-8.6667 28
-9.1005 29
-9.4603 30
-9.7354 31
-9.9153 32
-10.037 33
-10.1508 34
-10.2347 35
-10.2585 36
-10.2193 37
-10.0553 38
-9.9178 39
-9.3728 40
-7.8728 41
-2.1381 42
10.6476 43
30.3333 44
53.1429 45
72.4286 46
83.9524 47
86.5714 48
80.0952 49
65 50
44.9048 51
21.7619 52
2.1129 53
-10.2258 54
-14.6274 55
-13.8827 56
-11.3446 57
-10.6613 58
-10.3175 59
-10.4244 60
-10.4297 61
-10.3773 62
-10.4976 63
-10.6865 64
-10.7666 65
-10.5708 66
-9.7884 67
-8.9894 68
-8.1481 69
-7.3651 70
-6.6984 71
-6.1587 72
-5.7196 73
-5.3492 74
-5.0106 75
-4.672 76
-4.3228 77
-3.9788 78
-3.6508 79
-3.328 80
-3.0265 81
-2.7884 82
-2.6402 83
-2.5608 84
-2.5185 85
-2.5026 86
-2.4974 87
-2.4762 88
-2.4233 89
-2.3333 90
-2.1746 91
-1.8942 92
-1.4497 93
-0.8201 94
0.0476 95
1.2063 96
2.672 97
4.4127 98
6.4021 99
8.6138 100
10.9894 101
13.4286 102
15.8466 103
18.1905 104
20.4339 105
22.5661 106
24.5926 107
26.5185 108
28.3386 109
30.0423 110
31.6296 111
33.0794 112
34.3175 113
35.2328 114
35.7302 115
35.7619 116
35.328 117
34.4392 118
33.1164 119
31.4021 120
29.3862 121
27.1693 122
24.8413 123
22.4603 124
20.0741 125
17.7143 126
15.4127 127
13.1958 128
11.0952 129
9.127 130
7.3122 131
5.6772 132
4.2593 133
3.0741 134
2.1164 135
1.3651 136
0.7937 137
0.3545 138
-0.0159 139
-0.381 140
-0.7672 141
-1.164 142
-1.5344 143
-1.8413 144
-2.0582 145
-2.164 146
-2.1217 147
-1.8889 148
-1.4233 149
-0.7143 150
0.1799 151
1.1534 152
2.0106 153
2.5026 154
2.3069 155
1.0582 156
-1.6243 157
-6.0688 158
-12.5079 159
-21.0159 160
-31.6402 161
-44.3545 162
-59.0952 163
-75.6508 164
-93.7037 165
-112.8413 166
-136.1831 167
-157.4009 168
-175.936 169
-191.2608 170
-202.988 171
-211.0979 172
-214.2609 173
-208.7281 174
-200.2744 175
-189.0363 176
-175.2654 177
-159.158 178
-140.7594 179
-121.6584 180
-102.4698 181
-84.5244 182
-68.0657 183
-53.2213 184
-40.154 185
-28.8955 186
-19.5141 187
-11.9647 188
-5.3666 189
0.2183 190
4.7695 191
8.3022 192
10.8617 193
12.6676 194
13.9295 195
14.8395 196
15.5701 197
16.2717 198
17.071 199
18.069 200
19.3423 201
20.9451 202
22.9143 203
25.2719 204
27.9804 205
30.9893 206
34.238 207
37.6598 208
41.437 209
45.5494 210
49.9699 211
54.7152 212
59.8081 213
64.8054 214
69.7834 215
74.6015 216
79.3795 217
86.2248 218
93.3123 219
100.5793 220
108.3608 221
116.4776 222
124.7344 223
132.8836 224
138.6931 225
143.8307 226
148.127 227
151.4762 228
153.7989 229
155.0847 230
155.3333 231
154.5344 232
152.6984 233
149.9153 234
146.291 235
141.9365 236
136.9048 237
131.2698 238
125.1217 239
118.5767 240
111.7566 241
104.7884 242
97.7884 243
90.8783 244
84.1693 245
77.7884 246
71.0381 247
65.1404 248
60.0913 249
55.8604 250
52.376 251
49.3525 252
46.6711 253
45.0205 254
43.1692 255
41.1184 256
38.8865 257
36.5026 258
34.1846 259
31.9812 260
29.9724 261
28.2487 262
26.8807 263
25.8995 264
25.3022 265
25.0576 266
25.1117 267
25.3833 268
25.7684 269
26.1581 270
26.4615 271
26.6202 272
26.6102 273
26.4233 274
26.0588 275
25.5273 276
24.856 277
24.0829 278
23.244 279
22.3674 280
21.4785 281
20.6026 282
19.7643 283
18.9894 284
18.2986 285
17.7031 286
17.2022 287
16.7901 288
16.4603 289
16.1999 290
15.9865 291
15.7989 292
15.6226 293
15.4521 294
15.2869 295
15.1276 296
14.973 297
14.8142 298
14.6396 299
14.4374 300
14.1964 301
13.9048 302
13.5526 303
13.137 304
12.6637 305
12.1434 306
11.5914 307
11.0259 308
10.4733 309
9.9647 310
9.5279 311
9.1799 312
8.9253 313
8.766 314
8.7049 315
8.739 316
8.8536 317
9.0188 318
9.1946 319
9.3439 320
9.4386 321
9.4621 322
9.3992 323
9.2322 324
8.9524 325
8.5697 326
8.1117 327
7.6126 328
7.0994 329
6.5914 330
6.1041 331
5.6555 332
5.2681 333
4.9588 334
4.7319 335
4.5802 336
4.4962 337
4.4785 338
4.5279 339
4.6325 340
4.771 341
4.9201 342
5.0648 343
5.2466 344
5.4248 345
5.5672 346
5.6791 347
5.8035 348
5.995 349
6.308 350
6.7491 351
7.3963 352
8.2439 353
9.3238 354
10.6158 355
12.0607 356
13.563 357
15.0212 358
16.3386 359
17.4709 360
18.3016 361
18.7407 362
18.746 363
18.3228 364
17.4815 365
16.254 366
14.6984 367
12.9048 368
10.9841 369
9.0476 370
7.2063 371
5.5556 372
4.1693 373
3.078 374
2.2988 375
1.8279 376
1.6279 377
1.7284 378
1.8712 379
1.9559 380
1.9202 381
1.7841 382
1.5619 383
1.4286 384
1.4286 385
1.9048 386
3.3333 387
6.4762 388
14.9524 389
28.4286 390
45.4286 391
57.9524 392
64.4762 393
63.9048 394
59.2857 395
47.9524 396
31.8571 397
13.1905 398
0 399
-6.9048 400
-7.6667 401
-6.3333 402
-4 403
-2.2381 404
-1.5714 405
-1.9048 406
-2.5714 407
-2.9048 408
-2.7619 409
-2 410
-0.7619 411
0.5238 412
1.5238 413
2.0952 414
2.3333 415
2.381 416
2.381 417
2.3571 418
2.25 419
2.1 420
1.9583 421
